1  Kentucky	 34	 20.94	 2.78	 61	 34	 1	 34.93	 74.91	 53.97	 1	 1	 1	 Midwest
2	 Wisconsin	 34	 15.76	 3.73	 25	 31	 0.911764706	 25.30	 71.88	 56.12	 2	 3	 1	 West
3	 Arizona	 34	 17.82	 2.47	 76	 31	 0.911764706	 23.28	 76.44	 58.62	 3	 2	 2	 West
4	 Duke	 33	 15.03	 3.93	 15	 29	 0.878787879	 23.02	 80.61	 65.58	 7	 7	 1	 South
5	 Gonzaga	 34	 18.21	 2.01	 100	 32	 0.941176471	 22.86	 79.12	 60.91	 5	 6	 2	 South
6	 Virginia	 32	 14.59	 2.86	 55	 29	 0.90625	 20.26	 65.34	 50.75	 4	 4	 2	 East
7	 Villanova	 34	 15.38	 2.04	 99	 32	 0.941176471	 19.47	 76.26	 60.88	 6	 5	 1	 East
8	 Utah	 32	 15.16	 2.90	 51	 24	 0.75	 14.52	 72.09	 56.94	 12	 8	 5	 South
9	 Wichita St	 32	 13.91	 1.35	 140	 28	 0.875	 12.36	 69.72	 55.81	 13	 14	 7	 Midwest
10	 Notre Dame	 34	 13.18	 1.56	 128	 29	 0.852941176	 11.97	 78.82	 65.65	 9	 10	 3	 Midwest
11	 SF Austin	 33	 14.88	 1.06	 172	 29	 0.878787879	 11.84	 79.45	 64.58	 53	 350	 12	 South
12	 Ohio St	 33	 13.42	 2.87	 53	 23	 0.696969697	 11.05	 75.82	 62.39	 17	 21	 10	 West
13	 North Carolina	 35	 9.51	 6.06	 1	 24	 0.685714286	 11.01	 77.91	 68.40	 10	 16	 4	 West
14	 Louisville	 32	 9.69	 3.99	 12	 24	 0.75	 10.88	 69.22	 59.53	 16	 18	 4	 East
15	 Baylor	 33	 9.15	 4.74	 3	 24	 0.727272727	 10.53	 69.48	 60.33	 19	 15	 3	 West
16	 Northern Iowa	 33	 11.06	 1.27	 146	 30	 0.909090909	 10.32	 65.36	 54.30	 14	 12	 5	 East
17	 Iowa St	 33	 9.09	 3.88	 17	 25	 0.757575758	 10.28	 78.36	 69.27	 15	 13	 3	 South
18	 BYU	 34	 11.00	 2.79	 60	 25	 0.735294118	 9.93	 83.56	 72.56	 30	 31	 11	 West
19	 SMU	 33	 9.67	 2.20	 89	 27	 0.818181818	 9.60	 69.42	 59.76	 24	 19	 6	 South
20	 Kansas	 34	 6.53	 5.93	 2	 26	 0.764705882	 9.30	 71.21	 64.68	 8	 11	 2	 Midwest
21	 San Diego St	 34	 8.65	 2.93	 50	 26	 0.764705882	 8.65	 61.79	 53.15	 42	 27	 8	 South
22	 Oklahoma	 32	 9.19	 3.95	 14	 22	 0.6875	 8.63	 71.94	 62.75	 11	 9	 3	 East
23	 Maryland	 33	 6.24	 3.74	 23	 27	 0.818181818	 8.08	 69.48	 63.24	 27	 33	 4	 Midwest
24	 Michigan St	 34	 8.47	 3.98	 13	 23	 0.676470588	 7.73	 71.88	 63.41	 18	 17	 7	 East
26	 Arkansas	 34	 7.88	 2.62	 67	 26	 0.764705882	 7.46	 78.03	 70.15	 21	 29	 5	 West
27	 VA Commonwealth	 35	 6.97	 3.72	 26	 26	 0.742857143	 7.42	 72.49	 65.51	 350	 350	 7	 West
28	 Davidson	 31	 10.94	 1.12	 165	 24	 0.774193548	 6.93	 79.90	 68.97	 31	 32	 10	 South
29	 West Virginia	 32	 7.09	 3.44	 32	 23	 0.71875	 6.79	 73.94	 66.84	 22	 25	 5	 Midwest
30	 Boise St	 33	 10.48	 1.19	 154	 25	 0.757575758	 6.57	 70.76	 60.27	 54	 39	 11	 East
31	 Iowa	 32	 7.53	 3.74	 24	 21	 0.65625	 6.27	 69.41	 61.88	 35	 24	 7	 South
32	 Butler	 32	 8.38	 2.39	 80	 22	 0.6875	 6.12	 69.56	 61.19	 23	 23	 6	 Midwest
33	 Georgia St	 34	 9.59	 1.33	 141	 25	 0.735294118	 5.98	 72.29	 62.71	 79	 71	 14	 West
34	 Buffalo	 32	 6.72	 2.80	 59	 23	 0.71875	 5.81	 75.00	 68.28	 55	 54	 12	 Midwest
35	 Georgetown	 31	 6.06	 4.05	 10	 21	 0.677419355	 5.60	 70.71	 64.65	 20	 22	 4	 South
36	 Texas	 33	 7.55	 3.88	 18	 20	 0.606060606	 5.46	 67.94	 60.39	 25	 20	 11	 Midwest
39	 Cincinnati	 32	 7.09	 2.48	 75	 22	 0.6875	 5.28	 62.38	 55.28	 45	 34	 8	 Midwest
40	 Wofford	 34	 7.21	 1.14	 164	 28	 0.823529412	 5.22	 67.00	 59.79	 92	 90	 12	 West
42	 Oregon	 34	 4.82	 3.05	 42	 25	 0.735294118	 4.55	 75.56	 70.74	 47	 46	 8	 West
43	 Dayton	 33	 7.30	 1.15	 162	 25	 0.757575758	 4.49	 68.21	 60.91	 32	 40	 11	 East
44	 Harvard	 29	 6.93	 1.21	 151	 22	 0.75862069	 4.38	 64.17	 57.24	 81	 78	 13	 West
45	 Xavier	 34	 5.91	 3.68	 28	 21	 0.617647059	 4.33	 73.56	 67.65	 28	 26	 6	 West
47	 Providence	 33	 4.73	 4.06	 9	 22	 0.666666667	 4.24	 70.21	 65.48	 33	 28	 6	 East
49	 Purdue	 33	 5.48	 3.23	 37	 21	 0.636363636	 3.99	 70.00	 64.52	 39	 49	 9	 Midwest
50	 Indiana	 33	 6.06	 3.19	 39	 20	 0.606060606	 3.98	 77.48	 71.42	 46	 53	 10	 Midwest
52	 NC State	 33	 4.97	 4.47	 7	 20	 0.606060606	 3.86	 70.39	 65.42	 350	 350	 8	 East
53	 Mississippi	 32	 5.12	 3.30	 35	 20	 0.625	 3.64	 72.62	 67.50	 350	 44	 11	 West
56	 Georgia	 32	 4.16	 3.91	 16	 21	 0.65625	 3.54	 68.34	 64.19	 29	 36	 10	 East
58	 LSU	 32	 5.97	 1.56	 127	 22	 0.6875	 3.53	 73.69	 67.72	 41	 43	 9	 East
62	 Oklahoma St	 31	 5.00	 3.60	 30	 18	 0.580645161	 3.20	 67.32	 62.32	 48	 37	 9	 West
65	 E Washington	 34	 7.12	 0.54	 222	 26	 0.764705882	 3.06	 80.76	 73.65	 137	 350	 13	 South
67	 UCLA	 33	 3.97	 3.79	 21	 20	 0.606060606	 2.84	 72.00	 68.03	 44	 41	 11	 South
68	 St John's	 32	 3.59	 3.32	 34	 21	 0.65625	 2.82	 71.22	 67.62	 350	 42	 9	 South
75	 UC Irvine	 33	 5.58	 1.19	 156	 21	 0.636363636	 2.47	 67.88	 62.30	 99	 94	 13	 East
81	 Wyoming	 34	 5.71	 0.54	 221	 25	 0.735294118	 2.27	 61.68	 55.97	 102	 102	 12	 East
88	 New Mexico St	 33	 9.15	 0.18	 254	 23	 0.696969697	 1.91	 68.48	 59.33	 97	 88	 15	 Midwest
93	 Belmont	 32	 4.12	 0.78	 206	 22	 0.6875	 1.72	 74.47	 70.34	 151	 149	 15	 East
126	 North Florida	 34	 7.94	 -0.75	 310	 23	 0.676470588	 0.75	 75.71	 67.76	 131	 127	 16	 South
127	 Coastal Car	 33	 10.03	 -0.30	 287	 24	 0.727272727	 0.72	 71.70	 61.67	 350	 350	 16	 West
136	 Northeastern	 34	 3.59	 0.13	 256	 23	 0.676470588	 0.59	 68.59	 65.00	 123	 120	 14	 Midwest
144	 UAB	 34	 1.18	 1.95	 103	 19	 0.558823529	 0.51	 68.85	 67.68	 134	 121	 14	 South
172	 Albany NY	 32	 5.28	 -1.13	 324	 24	 0.75	 0.26	 65.50	 60.22	 350	 350	 14	 East
176	 Valparaiso	 33	 10.55	 -0.18	 279	 28	 0.848484848	 0.24	 69.82	 59.27	 72	 63	 13	 Midwest
182	 Lafayette	 32	 1.81	 -0.35	 289	 20	 0.625	 0.21	 74.19	 72.38	 185	 195	 16	 East
183	 N Dakota St	 32	 2.94	 -0.37	 290	 23	 0.71875	 0.20	 64.53	 61.59	 350	 350	 15	 South
197	 Manhattan	 32	 2.38	 -1.68	 333	 19	 0.59375	 0.12	 69.88	 67.50	 156	 145	 16	 Midwest
202	 Robert Morris	 33	 1.27	 -0.81	 313	 19	 0.575757576	 0.08	 69.00	 67.73	 193	 173	 16	 South
225	 TX Southern	 34	 0.74	 -1.71	 335	 22	 0.647058824	 -0.12	 68.18	 67.44	 350	 350	 15	 West
257	 Hampton	 33	 -0.85	 -1.79	 337	 16	 0.484848485	 -0.70	 67.15	 68.00	 288	 250	 16	 Midwest
